[background.jpg]
filters=autolight=1;enhance=1;finetune2=1,0.040936,0.000000,0.000000,00000000,-1.000000;Vignette=1,22.807016,2.000000,0.000000,ff0a00a2;FocalZoom=1,0.358650,0.943820,86.105263,33.918129,5.847953,41.520466;Border=1,20.000000,26.315790,0.000000,00000000,00ffffff,0.000000;
moddate=47fa76545738cf01
width=2592
height=1944
textactive=0
